-100 0
-100.0 0
-95.2 0
-90.4 0
-85.60000000000001 0
-80.80000000000001 0
-76.00000000000001 0
-71.20000000000002 0
-56.800000000000026 0
-52.00000000000003 0
-47.20000000000003 0
-42.10000000000002 0
-37.30000000000001 0
-32.5 0
-27.69999999999999 0
-13.299999999999983 0
-8.499999999999972 0
-3.69999999999996 0
1.1000000000000512 0
5.9000000000000625 0
10.700000000000074 0
15.500000000000085 0
29.90000000000009 0
34.7000000000001 1
29.90000000000009 0
25.10000000000008 0
20.300000000000068 0
15.200000000000074 0
10.400000000000063 0
5.600000000000051 0
0.8000000000000398 0
5.600000000000023 0
10.400000000000034 0
15.500000000000028 0
20.30000000000004 0
25.10000000000005 0
29.900000000000063 0
34.700000000000074 0
49.10000000000008 0
54.200000000000074 0
59.000000000000085 0
63.8000000000001 0
68.60000000000011 1
63.8000000000001 0
59.3000000000001 0
54.500000000000085 0
49.700000000000074 0
44.60000000000008 0
39.80000000000007 0
34.700000000000074 0
39.50000000000006 0
44.60000000000005 0
49.40000000000006 0
54.200000000000074 0
59.30000000000007 1
54.50000000000006 0
49.700000000000045 0
44.60000000000005 0
39.80000000000004 0
35.00000000000003 0
29.900000000000034 0
25.100000000000023 0
29.900000000000006 0
34.70000000000002 0
39.50000000000003 1
34.70000000000002 0
29.900000000000006 0
25.099999999999994 0
20.299999999999983 0
15.499999999999972 0
10.69999999999996 0
5.899999999999949 0
10.699999999999932 0
15.499999999999943 0
20.299999999999955 1
15.499999999999943 0
10.699999999999932 0
5.89999999999992 0
0.7999999999999261 0
-4.000000000000085 0
-9.10000000000008 0
-13.900000000000091 0
-8.800000000000097 0
-4.000000000000085 0
0.7999999999999261 0
5.5999999999999375 1
0.7999999999999261 0
-4.300000000000068 0
-9.400000000000063 0
-14.200000000000074 0
-19.000000000000085 0
-23.800000000000097 0
-28.600000000000108 0
-23.800000000000125 0
-19.000000000000114 0
-13.90000000000012 0
-9.100000000000108 0
-4.300000000000097 0
0.49999999999991473 0
5.299999999999926 0
19.699999999999932 0
24.499999999999943 0
29.299999999999955 0
34.099999999999966 0
38.89999999999998 0
43.69999999999999 0
48.19999999999999 0
62.599999999999994 0
67.4 0
72.20000000000002 0
77.00000000000003 0
81.80000000000001 0
86.90000000000003 0
91.70000000000005 1
86.90000000000003 0
82.10000000000002 0
77.30000000000001 0
72.5 0
67.69999999999999 0
62.89999999999998 0
58.099999999999966 0
62.89999999999995 0
67.69999999999996 0
72.49999999999997 0
77.29999999999998 1
72.49999999999997 0
67.69999999999996 0
62.89999999999995 0
58.09999999999994 0
53.299999999999926 0
48.499999999999915 0
43.39999999999992 0
48.1999999999999 0
52.999999999999915 0
57.799999999999926 1
52.999999999999915 0
48.1999999999999 0
43.39999999999989 0
38.59999999999988 0
33.79999999999987 0
28.999999999999858 0
23.899999999999864 0
28.699999999999847 0
33.79999999999984 0
38.59999999999985 0
43.399999999999864 1
38.59999999999985 0
33.79999999999984 0
28.99999999999983 0
24.199999999999818 0
19.399999999999807 0
13.999999999999801 0
9.19999999999979 0
13.999999999999773 0
18.799999999999784 0
23.599999999999795 1
18.799999999999784 0
13.999999999999773 0
9.199999999999761 0
4.39999999999975 0
-0.4000000000002615 0
-5.200000000000273 0
-10.000000000000284 0
-5.200000000000301 0
-0.4000000000002899 1
-5.500000000000284 0
-10.300000000000296 0
-15.100000000000307 0
-19.600000000000307 0
-24.40000000000032 0
-29.20000000000033 0
-34.00000000000034 0
-29.200000000000358 0
-24.400000000000347 0
-19.600000000000335 0
-14.800000000000324 0
-9.70000000000033 0
-4.900000000000318 0
-0.10000000000030695 0
14.299999999999699 0
19.09999999999971 0
